*************************************************
******************* ORCA 6.1.1 ******************
*************************************************
$Calculation_Status
   &GeometryIndex 8
   &version [&Type "String"] "6.1.1"
   &progName [&Type "String"] "LeanSCF"
   &Status [&Type "String"] "NORMAL TERMINATION"
$End
$Geometry
   &GeometryIndex 1
   &NAtoms [&Type "Integer"] 8
   &NCorelessECP [&Type "Integer"] 0
   &NGhostAtoms [&Type "Integer"] 0
   &CartesianCoordinates [&Type "Coordinates", &Dim(8,4), &Units "Bohr"] 
              C      8.563671921091    1.733823727873    0.155524460822
              C      7.040741629764   -0.019086233953    1.448853026877
              N      4.777794584393   -0.111871787128    0.331457963890
              N      7.233493695424    2.714591591378   -1.754232770119
              N      5.019301584308    1.545040087094   -1.542772415733
              H     10.489869769397    2.315292459280    0.498698726742
              H      7.453646790026   -1.179000134953    3.077041063864
              H      7.233493695424    4.346370108019   -2.645616587490
$End
$SCF_Mulliken_Population_Analysis
   &GeometryIndex 1
   &NAtoms [&Type "Integer"] 8
   &ATNO [&Type "ArrayOfIntegers", &Dim (8,1)] 
                                                         0

0                                                        6
1                                                        6
2                                                        7
3                                                        7
4                                                        7
5                                                        1
6                                                        1
7                                                        1
   &AtomicCharges [&Type "ArrayOfDoubles", &Dim (8,1)] 
                                                         0

0                                     -8.5592101209845062e-02
1                                     -1.4582143419087146e-01
2                                     -1.8414557795448339e-01
3                                     -2.6474316409752063e-02
4                                     -1.8016879317474643e-01
5                                      1.6466630451924047e-01
6                                      1.5703158523934135e-01
7                                      3.0050433318086811e-01
   &Method [&Type "String"] "SCF"
   &Level [&Type "String"] "Relaxed density"
   &Mult [&Type "Integer"] 1
   &State [&Type "Integer"] -1
   &Irrep [&Type "Integer"] 0
$End
$SCF_Loewdin_Population_Analysis
   &GeometryIndex 1
   &NAtoms [&Type "Integer"] 8
   &ATNO [&Type "ArrayOfIntegers", &Dim (8,1)] 
                                                         0

0                                                        6
1                                                        6
2                                                        7
3                                                        7
4                                                        7
5                                                        1
6                                                        1
7                                                        1
   &AtomicCharges [&Type "ArrayOfDoubles", &Dim (8,1)] 
                                                         0

0                                     -2.4753067021055930e-01
1                                     -2.9567577739170758e-01
2                                     -1.7538493168263614e-02
3                                      1.6729270507884308e-01
4                                     -9.8318277583947733e-02
5                                      1.4586783094487787e-01
6                                      1.3993688841126062e-01
7                                      2.0596579391923497e-01
   &Method [&Type "String"] "SCF"
   &Level [&Type "String"] "Relaxed density"
   &Mult [&Type "Integer"] 1
   &State [&Type "Integer"] -1
   &Irrep [&Type "Integer"] 0
$End
$SCF_Mayer_Population_Analysis
   &GeometryIndex 1
   &NAtoms [&Type "Integer"] 8 "Total number of atoms"
   &NBondOrdersPrint [&Type "Integer"] 10 "The number of bond orders larger than threshold"
   &bondThresh [&Type "Double"]       1.0000000000000001e-01  "The threshold for printing"
   &components [&Type "ArrayOfIntegers", &Dim (10,4)] "The indices and atomic numbers of the bonding atoms"
                                                         0                           1                           2                           3

0                                                        0                           6                           1                           6
1                                                        0                           6                           3                           7
2                                                        0                           6                           4                           7
3                                                        0                           6                           5                           1
4                                                        1                           6                           2                           7
5                                                        1                           6                           6                           1
6                                                        2                           7                           3                           7
7                                                        2                           7                           4                           7
8                                                        3                           7                           4                           7
9                                                        3                           7                           7                           1
   &BondOrders [&Type "ArrayOfDoubles", &Dim (10,1)] "The bond orders"
                                                         0

0                                      1.5280336426982026e+00
1                                      1.2763290260170059e+00
2                                      1.3300969207848534e-01
3                                      9.5888354148878652e-01
4                                      1.4602018473280447e+00
5                                      9.5754362711012631e-01
6                                      1.0125526288019840e-01
7                                      1.3996389329084618e+00
8                                      1.1880451698562753e+00
9                                      8.7579922126080767e-01
   &ATNO [&Type "ArrayOfIntegers", &Dim (8,1)] "Atomic number of the elements"
                                                         0

0                                                        6
1                                                        6
2                                                        7
3                                                        7
4                                                        7
5                                                        1
6                                                        1
7                                                        1
   &NA [&Type "ArrayOfDoubles", &Dim (8,1)] "Mulliken gross atomic population"
                                                         0

0                                      6.0855921012098477e+00
1                                      6.1458214341908750e+00
2                                      7.1841455779544869e+00
3                                      7.0264743164097538e+00
4                                      7.1801687931747500e+00
5                                      8.3533369548075920e-01
6                                      8.4296841476065887e-01
7                                      6.9949566681913211e-01
   &ZA [&Type "ArrayOfDoubles", &Dim (8,1)] "Total nuclear charge"
                                                         0

0                                      6.0000000000000000e+00
1                                      6.0000000000000000e+00
2                                      7.0000000000000000e+00
3                                      7.0000000000000000e+00
4                                      7.0000000000000000e+00
5                                      1.0000000000000000e+00
6                                      1.0000000000000000e+00
7                                      1.0000000000000000e+00
   &QA [&Type "ArrayOfDoubles", &Dim (8,1)] "Mulliken gross atomic charge"
                                                         0

0                                     -8.5592101209847726e-02
1                                     -1.4582143419087501e-01
2                                     -1.8414557795448694e-01
3                                     -2.6474316409753840e-02
4                                     -1.8016879317474999e-01
5                                      1.6466630451924080e-01
6                                      1.5703158523934113e-01
7                                      3.0050433318086789e-01
   &VA [&Type "ArrayOfDoubles", &Dim (8,1)] "Mayer's total valence"
                                                         0

0                                      3.9177548547860126e+00
1                                      4.0332421845614626e+00
2                                      2.9952177197664267e+00
3                                      3.4727908089552733e+00
4                                      2.8124406437496834e+00
5                                      9.6983895983088386e-01
6                                      9.8209030274999909e-01
7                                      9.2238305124452902e-01
   &BVA [&Type "ArrayOfDoubles", &Dim (8,1)] "Mayer's bonded valence"
                                                         0

0                                      3.9177548547860104e+00
1                                      4.0332421845615194e+00
2                                      2.9952177197666021e+00
3                                      3.4727908089554518e+00
4                                      2.8124406437497593e+00
5                                      9.6983895983086454e-01
6                                      9.8209030274999165e-01
7                                      9.2238305124455089e-01
   &FA [&Type "ArrayOfDoubles", &Dim (8,1)] "Mayer's free valence"
                                                         0

0                                      0.0000000000000000e+00
1                                      0.0000000000000000e+00
2                                      0.0000000000000000e+00
3                                      0.0000000000000000e+00
4                                      0.0000000000000000e+00
5                                      0.0000000000000000e+00
6                                      0.0000000000000000e+00
7                                      0.0000000000000000e+00
   &Method [&Type "String"] "SCF"
   &Level [&Type "String"] "Relaxed density"
   &Mult [&Type "Integer"] 1
   &State [&Type "Integer"] -1
   &Irrep [&Type "Integer"] 0
$End
$SCF_Energy
   &GeometryIndex 1
   &Method [&Type "String"] "SCF"
   &totalEnergy [&Type "ArrayOfDoubles", &Dim (1,1)] "Total energy of each state"
                                                         0

0                                     -2.4224715630087883e+02
   &Mult [&Type "ArrayOfIntegers", &Dim (1,1)] "Multiplicity of each state"
                                                         0

0                                                        1
$End
$DFT_Energy
   &GeometryIndex 1
   &nAlphaEl [&Type "Integer"] 18
   &nBetaEl [&Type "Integer"] 18
   &nTotalEl [&Type "Integer"] 36
   &finalEn [&Type "Double"]      -2.4224715630087883e+02  "No Van der Waals correction"
   &eExchange [&Type "Double"]      -3.1404127687375269e+01
   &eCorr [&Type "Double"]      -1.2479601612544675e+00
   &eXC [&Type "Double"]      -3.2652087848629733e+01
   &eCNL [&Type "Double"]       0.0000000000000000e+00
$End
$Solvation_Details
   &GeometryIndex 1
   &Solvent [&Type "String"] "WATER"
   &Epsilon [&Type "Double"]       7.8355000000000004e+01
   &Refrac [&Type "Double"]       1.3328000000000000e+00
   &RSolv [&Type "Double"]       1.3000000000000000e+00
   &SurfaceType [&Type "String"] "GAUSSIAN VDW"
   &CPCMDielEnergy [&Type "Double"]      -2.4373545999999999e-02
   &NPoints [&Type "Integer"] 711
   &SurfaceArea [&Type "Double"]       3.3709320547200002e+02
$End
$SCF_Timings
   &GeometryIndex 1
   &TOTAL [&Type "Double"]       4.2869999999999999e+00
   &PREP [&Type "Double"]       1.3700000000000001e-01
   &FOCK [&Type "Double"]       3.1760000000000002e+00
   &DENS [&Type "Double"]       2.0199999999999996e-01
   &ETOT [&Type "Double"]       1.3200000000000028e-01
   &POP [&Type "Double"]       3.2000000000000028e-02
   &TRAFO [&Type "Double"]       3.1000000000000028e-02
   &DIIS [&Type "Double"]       2.1900000000000019e-01
   &SOSCF [&Type "Double"]       2.1599999999999930e-01
   &XC [&Type "Double"]       1.7940000000000005e+00
   &FOCKSTART [&Type "Double"]       2.8000000000000802e-02
   &SOLV [&Type "Double"]       7.3600000000000121e-01
   &SOLV_INIT [&Type "Double"]       1.7000000000000001e-02
   &INT_BF [&Type "Double"]       4.0299999999999953e-01
   &INT_DENS [&Type "Double"]       3.2000000000000162e-01
   &INT_DENSIO [&Type "Double"]       3.2735480000000002e+03
   &INT_FUNC [&Type "Double"]       2.0000000000000129e-02
   &INT_POT [&Type "Double"]       5.7699999999999829e-01
   &INT_POTIO [&Type "Double"]       1.7999999999999461e-02
   &INT_SUM [&Type "Double"]       3.2000000000000139e-02
   &SPLITRIJ [&Type "Double"]       4.6700000000000041e-01
$End
$VdW_Correction
   &GeometryIndex 1
   &vdW [&Type "Double"]      -1.2127094611060114e-02
$End
$Single_Point_Data
   &GeometryIndex 1
   &FinalEnergy [&Type "Double"]      -2.4225928339548989e+02  "Final single point energy"
   &Converged [&Type "Boolean"] true
$End
$SCF_Nuc_Gradient
   &GeometryIndex 1
   &NAtoms [&Type "Integer"] 8
   &gradNorm [&Type "Double"]       1.7136706287852324e-01
   &grad [&Type "ArrayOfDoubles", &Dim (24,1)] 
                                                         0

0                                     -4.8472522431800134e-02
1                                      4.0315254862957357e-03
2                                     -3.8407357371333870e-02
3                                     -3.8543028539787964e-02
4                                     -6.4992109914392207e-03
5                                     -8.3401335562686574e-03
6                                     -1.7047422870264006e-02
7                                     -2.5730886150184148e-02
8                                      2.9379154412632554e-02
9                                      1.9031024384283449e-02
10                                     6.2623453277311905e-02
11                                    -5.3308525834454605e-02
12                                     1.0289319410378500e-01
13                                    -9.0270632905542925e-03
14                                     5.5765027868716927e-02
15                                    -2.3648510793092556e-03
16                                     6.2105073521228694e-04
17                                    -3.8168715222125049e-03
18                                    -6.4028200444465862e-03
19                                    -5.2750730164834777e-04
20                                    -1.5649382412527863e-03
21                                    -9.0935735279976185e-03
22                                    -2.5491361766305110e-02
23                                     2.0293644245140897e-02
   &Method [&Type "String"] "SCF"
   &Level [&Type "String"] "Relaxed density"
   &Mult [&Type "Integer"] 1
   &State [&Type "Integer"] 0
   &Irrep [&Type "Integer"] 0
$End
$THERMOCHEMISTRY_Energies
   &GeometryIndex 1
   &temperature [&Type "Double"]       2.9814999999999998e+02
   &pressure [&Type "Double"]       1.0000000000000000e+00
   &totalMass [&Type "Double"]       6.9067000000000007e+01
   &spinDegeneracy [&Type "Integer"] 1
   &elEnergy [&Type "Double"]      -2.4225928339548989e+02
   &transEnergy [&Type "Double"]       1.4162714244859817e-03
   &rotEnergy [&Type "Double"]       1.4162714244859817e-03
   &vibEnergy [&Type "Double"]       6.9424653285648564e-04
   &numOfFreqs [&Type "Integer"] 24
   &freqScalingFactor [&Type "Double"]       1.0000000000000000e+00
   &FREQ [&Type "ArrayOfDoubles", &Units "cm^-1", &Dim (24,1)] 
                                                         0

0                                      0.0000000000000000e+00
1                                      0.0000000000000000e+00
2                                      0.0000000000000000e+00
3                                      0.0000000000000000e+00
4                                      0.0000000000000000e+00
5                                      0.0000000000000000e+00
6                                     -3.4531050792432984e+02
7                                      6.1973192738937189e+02
8                                      6.7318591972823435e+02
9                                      7.6530472669463211e+02
10                                     8.4062283980093184e+02
11                                     8.6786987332736555e+02
12                                     9.2048563011309318e+02
13                                     9.7614752693787841e+02
14                                     1.0496588032827228e+03
15                                     1.1084275810066440e+03
16                                     1.1530970178158796e+03
17                                     1.2193928730376940e+03
18                                     1.3244892701362255e+03
19                                     1.4133366652514148e+03
20                                     1.4644525994445605e+03
21                                     3.2072178595732544e+03
22                                     3.2198795268097465e+03
23                                     3.8971619899596226e+03
   &zpe [&Type "Double"]       5.6317357751560958e-02
   &innerEnergyU [&Type "Double"]      -2.4219943924835650e+02
   &enthalpyH [&Type "Double"]      -2.4219849503931425e+02
   &qEl [&Type "Double"]       0.0000000000000000e+00
   &qRot [&Type "Double"]       1.1391417675563949e-02
   &qVib [&Type "Double"]       8.7555835636304326e-04
   &qTrans [&Type "Double"]       1.8347089783772169e-02
   &entropyS [&Type "Double"]       3.0614065815699160e-02
   &freeEnergyG [&Type "Double"]      -2.4222910910512996e+02
   &isLinear [&Type "Boolean"] false
$End
$Hessian
   &GeometryIndex 1
   &HESSIAN [&Type "ArrayOfDoubles", &Dim (24,24)] "The Hessian"
                                                         0                           1                           2                           3                           4                           5                           6                           7

0                                      7.5923452355265253e-01         1.6227623164474386e-01         1.6164787353365317e-01        -1.5143529069062228e-01        -7.7038536114771294e-02         4.8132801588810170e-02        -6.6731715441534500e-02        -1.4133661650564252e-02
1                                      1.6227623164474386e-01         3.4593582757058999e-01        -1.8204297667425007e-01        -6.4414843188776882e-02        -1.6434124011668277e-01         7.8499155474583943e-02        -6.0898644725858042e-02         6.6401855584028724e-03
2                                      1.6164787353365317e-01        -1.8204297667425007e-01         4.0338984653694182e-01         2.8218472488029694e-02         6.7490721657861338e-02        -1.3902894405009542e-01         2.8059674318014989e-02         4.4974785713791758e-03
3                                     -1.5143529069062228e-01        -6.4414843188776882e-02         2.8218472488029694e-02         5.1510906450840810e-01         5.9745479600162993e-02         1.3770357512492140e-01        -3.0234899701230089e-01        -2.8353126489315858e-02
4                                     -7.7038536114771294e-02        -1.6434124011668277e-01         6.7490721657861338e-02         5.9745479600162993e-02         4.0267811341346327e-01        -3.0668882951039883e-01        -2.8448920262591604e-02        -7.9986627474865318e-02
5                                      4.8132801588810170e-02         7.8499155474583943e-02        -1.3902894405009542e-01         1.3770357512492140e-01        -3.0668882951039883e-01         5.6426882584952454e-01        -9.4770613734665068e-02         6.0852545107192291e-03
6                                     -6.6731715441534500e-02        -6.0898644725858042e-02         2.8059674318014989e-02        -3.0234899701230089e-01        -2.8448920262591604e-02        -9.4770613734665068e-02         4.9536458212229312e-01         9.9434610878751273e-02
7                                     -1.4133661650564252e-02         6.6401855584028724e-03         4.4974785713791758e-03        -2.8353126489315858e-02        -7.9986627474865318e-02         6.0852545107192291e-03         9.9434610878751273e-02         2.6139070680551141e-01
8                                     -2.8518168868225231e-02        -1.9228700821314872e-02         3.1650710653560322e-02        -9.5648761661851489e-02         6.9791474262823130e-03        -1.2143728427511839e-01         9.1827298844898875e-02        -1.2885779797382826e-01
9                                     -1.5954921605829847e-01         3.6579214552387523e-02        -1.1519590169000285e-01         1.9171769031139686e-02         2.4443516548210663e-02        -2.2247299102275360e-02        -3.1676711523401825e-02        -5.4138784534050084e-02
10                                     4.8254478618786290e-02        -1.3561796715624885e-01         1.0973633627766279e-01        -1.8441614820988276e-02        -2.5790943980599956e-02         2.9880810146060307e-02        -2.9277337510704660e-02        -3.6667164153730329e-02
11                                    -1.1848133434572315e-01         8.9274402426465796e-02        -2.2035438283274517e-01         4.4466310357310287e-02         5.8305468657689902e-02        -3.7894873326980945e-02        -3.3076162459875630e-03         3.8822844262633348e-02
12                                    -8.6609962298205126e-02         3.6764679291942321e-03        -6.4507369736535439e-02        -1.4309616782616802e-02        -4.2452368959981389e-03        -1.6094356951285277e-02        -8.6971795242588051e-02        -1.8612678901393037e-02
13                                    -3.8002839017268600e-02         1.6258324828439891e-02         1.4335330090224536e-03         3.8257033077216909e-02         1.7064065892306024e-03         5.4957293065386617e-02         2.3137243968408112e-02        -1.5765021870757079e-01
14                                    -2.2534566077215837e-02         2.2270555699973823e-02        -1.0877464549146218e-02        -7.0313262739533575e-02         2.7823595134187654e-02        -4.3171185113463392e-02        -2.3191705086678442e-02         7.0062696912318187e-02
15                                    -3.1080455245495053e-01        -8.5272584009012733e-02        -5.2917315974431431e-02        -2.1774901897598439e-03         2.0820950242870090e-03        -2.9259867601925914e-03         7.8989794708959893e-06        -4.7401514357044584e-04
16                                    -9.0233700586514143e-02        -6.7097386033655587e-02        -6.2718307405930547e-04        -1.0817611869006339e-02         1.2475109536889979e-03        -8.8443767112605324e-03        -5.6104713041005179e-03         6.2986795715581955e-04
17                                    -4.4358458170297266e-02        -1.5007275495787595e-04        -5.1457578497082559e-02         1.2598514754550622e-02        -1.1161384085798427e-03         7.8310128886492549e-03         3.2072836529460419e-03         4.5970941341602969e-03
18                                     8.6753937535169363e-03        -6.6116359401800382e-03         1.3652370845362891e-02        -6.2175955379467712e-02         2.2744279790360061e-02        -4.4714447115984178e-02        -8.4275045622334704e-04         1.9696991903056457e-02
19                                     7.2696470650853058e-03        -3.7901000687419230e-03         6.0308293042675570e-03         2.6466369514985141e-02        -1.3722147605740409e-01         1.4750198932617739e-01         1.6252455514593964e-03         1.1238496529474788e-03
20                                    -2.6738165856995399e-03        -1.3508492699614016e-03        -1.6739735198933944e-03        -4.9289708476372290e-02         1.4549557842955746e-01        -2.3003262185019635e-01        -9.1404382801171108e-04         4.6942319400988270e-03
21                                     7.2208196374414241e-03         1.4654497190867571e-02         1.0416650742993720e-03        -1.8334834847802037e-03         6.8841215042201654e-04        -5.0663561299349093e-03        -6.8005114257154069e-03        -3.3851755021850967e-03
22                                     1.6196765871373288e-03         2.0123554178963811e-03        -6.5235501208355182e-03        -2.4127756643593889e-03         1.7082566731692846e-03        -1.4005329124253786e-03         4.1128439070758568e-06         4.5194003621488298e-03
23                                     6.7862000663072991e-03         1.2733296968412251e-02        -1.1648213741539426e-02        -7.7524567664488519e-03         1.7196932245573107e-03        -5.3493012231927697e-04        -9.1086035786645044e-04         1.0400191712459268e-04
                                                         8                           9                          10                          11                          12                          13                          14                          15

0                                     -2.8518168868225231e-02        -1.5954921605829847e-01         4.8254478618786290e-02        -1.1848133434572315e-01        -8.6609962298205126e-02        -3.8002839017268600e-02        -2.2534566077215837e-02        -3.1080455245495053e-01
1                                     -1.9228700821314872e-02         3.6579214552387523e-02        -1.3561796715624885e-01         8.9274402426465796e-02         3.6764679291942321e-03         1.6258324828439891e-02         2.2270555699973823e-02        -8.5272584009012733e-02
2                                      3.1650710653560322e-02        -1.1519590169000285e-01         1.0973633627766279e-01        -2.2035438283274517e-01        -6.4507369736535439e-02         1.4335330090224536e-03        -1.0877464549146218e-02        -5.2917315974431431e-02
3                                     -9.5648761661851489e-02         1.9171769031139686e-02        -1.8441614820988276e-02         4.4466310357310287e-02        -1.4309616782616802e-02         3.8257033077216909e-02        -7.0313262739533575e-02        -2.1774901897598439e-03
4                                      6.9791474262823130e-03         2.4443516548210663e-02        -2.5790943980599956e-02         5.8305468657689902e-02        -4.2452368959981389e-03         1.7064065892306024e-03         2.7823595134187654e-02         2.0820950242870090e-03
5                                     -1.2143728427511839e-01        -2.2247299102275360e-02         2.9880810146060307e-02        -3.7894873326980945e-02        -1.6094356951285277e-02         5.4957293065386617e-02        -4.3171185113463392e-02        -2.9259867601925914e-03
6                                      9.1827298844898875e-02        -3.1676711523401825e-02        -2.9277337510704660e-02        -3.3076162459875630e-03        -8.6971795242588051e-02         2.3137243968408112e-02        -2.3191705086678442e-02         7.8989794708959893e-06
7                                     -1.2885779797382826e-01        -5.4138784534050084e-02        -3.6667164153730329e-02         3.8822844262633348e-02        -1.8612678901393037e-02        -1.5765021870757079e-01         7.0062696912318187e-02        -4.7401514357044584e-04
8                                      3.1201880386164066e-01         2.9211730271347658e-02         4.9229273912795489e-02        -3.7084364052777874e-02         2.8085555622331171e-02         9.6099114389038787e-02        -1.8447115227642391e-01        -2.1838632329304890e-03
9                                      2.9211730271347658e-02         4.4724840970300694e-01         5.3234618709037021e-02         1.5131925291123099e-01        -2.3042875056494747e-01        -6.2042927934979564e-02         4.2853839769963487e-03        -1.0171718011688320e-02
10                                     4.9229273912795489e-02         5.3234618709037021e-02         7.1669577297994913e-01        -4.2428771347648142e-01        -5.0550719132783264e-02        -1.1856779015514900e-01         2.7959826081714961e-02        -4.2041253314894118e-03
11                                    -3.7084364052777874e-02         1.5131925291123099e-01        -4.2428771347648142e-01         4.8993735208378497e-01        -4.5833336033371426e-02         1.9602969092864381e-03        -7.1799013898520503e-02         1.1353504913516124e-03
12                                     2.8085555622331171e-02        -2.3042875056494747e-01        -5.0550719132783264e-02        -4.5833336033371426e-02         4.2576319627841730e-01         7.1062870751199492e-02         9.6118401009672630e-02        -1.3832401984742448e-03
13                                     9.6099114389038787e-02        -6.2042927934979564e-02        -1.1856779015514900e-01         1.9602969092864381e-03         7.1062870751199492e-02         2.6205296301233516e-01        -1.6210153434085067e-01        -1.7894547521565022e-03
14                                    -1.8447115227642391e-01         4.2853839769963487e-03         2.7959826081714961e-02        -7.1799013898520503e-02         9.6118401009672630e-02        -1.6210153434085067e-01         3.1586801965544792e-01        -2.9852233881260395e-03
15                                    -2.1838632329304890e-03        -1.0171718011688320e-02        -4.2041253314894118e-03         1.1353504913516124e-03        -1.3832401984742448e-03        -1.7894547521565022e-03        -2.9852233881260395e-03         3.2515194573079043e-01
16                                     2.2476437839584577e-03         1.6006491725517949e-02         6.2105823859370541e-03        -1.6537930807952479e-03         8.3418502972597329e-04         2.5946087948861890e-03         7.8417317341847297e-03         8.9496467333441632e-02
17                                     9.1827970265237523e-04        -2.6077379453770810e-02        -1.1547437981625885e-02        -3.3352613427370141e-03        -4.6666363284139437e-03         6.4410062313942995e-03        -1.4484959337897785e-03         5.8949989407820848e-02
18                                    -2.2111224802477486e-02        -2.9829133905136425e-03        -5.3561551130949965e-03         1.1326700435823978e-03        -4.3302466197221428e-03        -1.7620996259480647e-04        -6.9250416350475569e-03        -3.8009403976647417e-04
19                                    -6.0533436834686490e-03        -6.8052538235030601e-04         9.9658051298817446e-04         3.3358152580391705e-03        -3.2192986823960570e-03         5.0140578843140948e-03         2.9907243116302946e-03         1.0482301199350730e-04
20                                    -1.0208309407101584e-02        -8.4470864042624242e-04         1.8438466054238444e-03         2.0662714688553440e-03        -4.8557426745938917e-03         3.2063136260771577e-03         2.0629253790825468e-03         5.1435233077902042e-04
21                                    -6.6198373574368190e-04        -3.1610869185296868e-02         6.3509021722268078e-03        -3.0417614556969435e-02        -1.7295845718634862e-03        -3.0455489948750060e-02         2.5523854195435049e-02        -2.4274981562189999e-04
22                                    -4.2114130806865206e-04        -1.3411651274762720e-02        -4.0725907043314624e-01         2.3426874033726652e-01         1.0641837213758235e-03        -1.1408352246486134e-02         3.1541662286095739e-03         5.3440361227854137e-05
23                                     8.6133157935683984e-03        -2.0464760894523482e-02         2.1715899714034545e-01        -1.2153572809887880e-01         1.1775644836693605e-02        -1.9977846511236297e-03        -6.1636332631866374e-03         4.1606127338853741e-04
                                                        16                          17                          18                          19                          20                          21                          22                          23

0                                     -9.0233700586514143e-02        -4.4358458170297266e-02         8.6753937535169363e-03         7.2696470650853058e-03        -2.6738165856995399e-03         7.2208196374414241e-03         1.6196765871373288e-03         6.7862000663072991e-03
1                                     -6.7097386033655587e-02        -1.5007275495787595e-04        -6.6116359401800382e-03        -3.7901000687419230e-03        -1.3508492699614016e-03         1.4654497190867571e-02         2.0123554178963811e-03         1.2733296968412251e-02
2                                     -6.2718307405930547e-04        -5.1457578497082559e-02         1.3652370845362891e-02         6.0308293042675570e-03        -1.6739735198933944e-03         1.0416650742993720e-03        -6.5235501208355182e-03        -1.1648213741539426e-02
3                                     -1.0817611869006339e-02         1.2598514754550622e-02        -6.2175955379467712e-02         2.6466369514985141e-02        -4.9289708476372290e-02        -1.8334834847802037e-03        -2.4127756643593889e-03        -7.7524567664488519e-03
4                                      1.2475109536889979e-03        -1.1161384085798427e-03         2.2744279790360061e-02        -1.3722147605740409e-01         1.4549557842955746e-01         6.8841215042201654e-04         1.7082566731692846e-03         1.7196932245573107e-03
5                                     -8.8443767112605324e-03         7.8310128886492549e-03        -4.4714447115984178e-02         1.4750198932617739e-01        -2.3003262185019635e-01        -5.0663561299349093e-03        -1.4005329124253786e-03        -5.3493012231927697e-04
6                                     -5.6104713041005179e-03         3.2072836529460419e-03        -8.4275045622334704e-04         1.6252455514593964e-03        -9.1404382801171108e-04        -6.8005114257154069e-03         4.1128439070758568e-06        -9.1086035786645044e-04
7                                      6.2986795715581955e-04         4.5970941341602969e-03         1.9696991903056457e-02         1.1238496529474788e-03         4.6942319400988270e-03        -3.3851755021850967e-03         4.5194003621488298e-03         1.0400191712459268e-04
8                                      2.2476437839584577e-03         9.1827970265237523e-04        -2.2111224802477486e-02        -6.0533436834686490e-03        -1.0208309407101584e-02        -6.6198373574368190e-04        -4.2114130806865206e-04         8.6133157935683984e-03
9                                      1.6006491725517949e-02        -2.6077379453770810e-02        -2.9829133905136425e-03        -6.8052538235030601e-04        -8.4470864042624242e-04        -3.1610869185296868e-02        -1.3411651274762720e-02        -2.0464760894523482e-02
10                                     6.2105823859370541e-03        -1.1547437981625885e-02        -5.3561551130949965e-03         9.9658051298817446e-04         1.8438466054238444e-03         6.3509021722268078e-03        -4.0725907043314624e-01         2.1715899714034545e-01
11                                    -1.6537930807952479e-03        -3.3352613427370141e-03         1.1326700435823978e-03         3.3358152580391705e-03         2.0662714688553440e-03        -3.0417614556969435e-02         2.3426874033726652e-01        -1.2153572809887880e-01
12                                     8.3418502972597329e-04        -4.6666363284139437e-03        -4.3302466197221428e-03        -3.2192986823960570e-03        -4.8557426745938917e-03        -1.7295845718634862e-03         1.0641837213758235e-03         1.1775644836693605e-02
13                                     2.5946087948861890e-03         6.4410062313942995e-03        -1.7620996259480647e-04         5.0140578843140948e-03         3.2063136260771577e-03        -3.0455489948750060e-02        -1.1408352246486134e-02        -1.9977846511236297e-03
14                                     7.8417317341847297e-03        -1.4484959337897785e-03        -6.9250416350475569e-03         2.9907243116302946e-03         2.0629253790825468e-03         2.5523854195435049e-02         3.1541662286095739e-03        -6.1636332631866374e-03
15                                     8.9496467333441632e-02         5.8949989407820848e-02        -3.8009403976647417e-04         1.0482301199350730e-04         5.1435233077902042e-04        -2.4274981562189999e-04         5.3440361227854137e-05         4.1606127338853741e-04
16                                     5.7812751987596472e-02         2.8576763823187188e-03         7.3028828814182989e-04        -9.3956277967693468e-04        -4.6331126823043905e-04        -4.0229511192729593e-04        -4.5837326593200763e-04        -1.3562534983412671e-03
17                                     2.8576763823187188e-03         4.8966098337011328e-02        -1.9518090262299280e-04        -8.3411450302227027e-04        -7.5566335992973300e-04         5.3850289212803340e-04        -2.5014736746255511e-04        -7.1839179477387256e-04
18                                     7.3028828814182989e-04        -1.9518090262299280e-04         6.0868236152869272e-02        -3.1167057483329794e-02         5.8605069642320741e-02         1.1683299793071086e-03         1.3621835793027363e-04         5.6294353743264645e-04
19                                    -9.3956277967693468e-04        -8.3411450302227027e-04        -3.1167057483329794e-02         1.3419604465509732e-01        -1.5358748238194186e-01        -3.9592343573617485e-04         6.2060620047588047e-04         6.1119720307754042e-04
20                                    -4.6331126823043905e-04        -7.5566335992973300e-04         5.8605069642320741e-02        -1.5358748238194186e-01         2.3820588402298695e-01        -5.4856138056255297e-04         1.6605748421728492e-04         3.3548726619623756e-04
21                                    -4.0229511192729593e-04         5.3850289212803340e-04         1.1683299793071086e-03        -3.9592343573617485e-04        -5.4856138056255297e-04         3.3828048866529341e-02         1.2945933776312993e-02         9.5888609731824091e-03
22                                    -4.5837326593200763e-04        -2.5014736746255511e-04         1.3621835793027363e-04         6.2060620047588047e-04         1.6605748421728492e-04         1.2945933776312993e-02         4.1026517729187401e-01        -2.2898337032267677e-01
23                                    -1.3562534983412671e-03        -7.1839179477387256e-04         5.6294353743264645e-04         6.1119720307754042e-04         3.3548726619623756e-04         9.5888609731824091e-03        -2.2898337032267677e-01         1.3165209396093339e-01
                              

0                             
1                             
2                             
3                             
4                             
