*************************************************
******************* ORCA 6.1.1 ******************
*************************************************
$Calculation_Status
   &GeometryIndex 200
   &version [&Type "String"] "6.1.1"
   &progName [&Type "String"] "LeanSCF"
   &Status [&Type "String"] "NORMAL TERMINATION"
$End
$Geometry
   &GeometryIndex 1
   &NAtoms [&Type "Integer"] 8
   &NCorelessECP [&Type "Integer"] 0
   &NGhostAtoms [&Type "Integer"] 0
   &CartesianCoordinates [&Type "Coordinates", &Dim(8,4), &Units "Bohr"] 
              C      8.575829721267    1.728705515514    0.168474102220
              C      7.055803054513   -0.020782750733    1.459471687272
              N      4.771281822998   -0.115526327004    0.332649849507
              N      7.234380357120    2.719391211796   -1.759335876285
              N      4.993578685602    1.551636490171   -1.563216465902
              H     10.505902318158    2.305957150187    0.518275695397
              H      7.477811528657   -1.179647474828    3.090339513684
              H      6.113979521361    2.135513850983   -1.661276171094
$End
$SCF_Mulliken_Population_Analysis
   &GeometryIndex 1
   &NAtoms [&Type "Integer"] 8
   &ATNO [&Type "ArrayOfIntegers", &Dim (8,1)] 
                                                         0

0                                                        6
1                                                        6
2                                                        7
3                                                        7
4                                                        7
5                                                        1
6                                                        1
7                                                        1
   &AtomicCharges [&Type "ArrayOfDoubles", &Dim (8,1)] 
                                                         0

0                                     -9.2893346141364574e-02
1                                     -8.1103927828623412e-02
2                                     -1.4629243960926708e-01
3                                      4.4782132731289526e-01
4                                      4.9553636104025323e-01
5                                      1.8640763824457163e-01
6                                      1.7372576646787974e-01
7                                     -9.8320137948652464e-01
   &Method [&Type "String"] "SCF"
   &Level [&Type "String"] "Relaxed density"
   &Mult [&Type "Integer"] 1
   &State [&Type "Integer"] -1
   &Irrep [&Type "Integer"] 0
$End
$SCF_Loewdin_Population_Analysis
   &GeometryIndex 1
   &NAtoms [&Type "Integer"] 8
   &ATNO [&Type "ArrayOfIntegers", &Dim (8,1)] 
                                                         0

0                                                        6
1                                                        6
2                                                        7
3                                                        7
4                                                        7
5                                                        1
6                                                        1
7                                                        1
   &AtomicCharges [&Type "ArrayOfDoubles", &Dim (8,1)] 
                                                         0

0                                     -1.7334386632007082e-01
1                                     -2.3764114194235919e-01
2                                      6.2297255877235003e-02
3                                      3.0623251611434732e-01
4                                      1.9224822175587430e-01
5                                      1.5948667104651415e-01
6                                      1.5076428158577149e-01
7                                     -4.6004393811745792e-01
   &Method [&Type "String"] "SCF"
   &Level [&Type "String"] "Relaxed density"
   &Mult [&Type "Integer"] 1
   &State [&Type "Integer"] -1
   &Irrep [&Type "Integer"] 0
$End
$SCF_Mayer_Population_Analysis
   &GeometryIndex 1
   &NAtoms [&Type "Integer"] 8 "Total number of atoms"
   &NBondOrdersPrint [&Type "Integer"] 11 "The number of bond orders larger than threshold"
   &bondThresh [&Type "Double"]       1.0000000000000001e-01  "The threshold for printing"
   &components [&Type "ArrayOfIntegers", &Dim (11,4)] "The indices and atomic numbers of the bonding atoms"
                                                         0                           1                           2                           3

0                                                        0                           6                           1                           6
1                                                        0                           6                           3                           7
2                                                        0                           6                           4                           7
3                                                        0                           6                           5                           1
4                                                        1                           6                           2                           7
5                                                        1                           6                           6                           1
6                                                        2                           7                           3                           7
7                                                        2                           7                           4                           7
8                                                        3                           7                           4                           7
9                                                        3                           7                           7                           1
10                                                       4                           7                           7                           1
   &BondOrders [&Type "ArrayOfDoubles", &Dim (11,1)] "The bond orders"
                                                         0

0                                      1.4654981565029370e+00
1                                      1.3617559116828875e+00
2                                      1.0858950143777814e-01
3                                      9.4406336570704086e-01
4                                      1.4896860778075700e+00
5                                      9.4941757222392031e-01
6                                      1.5860673188718269e-01
7                                      1.2772240923243687e+00
8                                      2.5672769639163018e-01
9                                      4.8144708990865898e-01
10                                     5.8137132392808910e-01
   &ATNO [&Type "ArrayOfIntegers", &Dim (8,1)] "Atomic number of the elements"
                                                         0

0                                                        6
1                                                        6
2                                                        7
3                                                        7
4                                                        7
5                                                        1
6                                                        1
7                                                        1
   &NA [&Type "ArrayOfDoubles", &Dim (8,1)] "Mulliken gross atomic population"
                                                         0

0                                      6.0928933461413699e+00
1                                      6.0811039278286128e+00
2                                      7.1462924396092617e+00
3                                      6.5521786726871074e+00
4                                      6.5044636389597441e+00
5                                      8.1359236175542793e-01
6                                      8.2627423353212015e-01
7                                      1.9832013794865242e+00
   &ZA [&Type "ArrayOfDoubles", &Dim (8,1)] "Total nuclear charge"
                                                         0

0                                      6.0000000000000000e+00
1                                      6.0000000000000000e+00
2                                      7.0000000000000000e+00
3                                      7.0000000000000000e+00
4                                      7.0000000000000000e+00
5                                      1.0000000000000000e+00
6                                      1.0000000000000000e+00
7                                      1.0000000000000000e+00
   &QA [&Type "ArrayOfDoubles", &Dim (8,1)] "Mulliken gross atomic charge"
                                                         0

0                                     -9.2893346141369904e-02
1                                     -8.1103927828612754e-02
2                                     -1.4629243960926175e-01
3                                      4.4782132731289259e-01
4                                      4.9553636104025589e-01
5                                      1.8640763824457207e-01
6                                      1.7372576646787985e-01
7                                     -9.8320137948652420e-01
   &VA [&Type "ArrayOfDoubles", &Dim (8,1)] "Mayer's total valence"
                                                         0

0                                      3.9709028591078122e+00
1                                      3.9824037704619153e+00
2                                      2.9783038872968479e+00
3                                      2.2806294951419392e+00
4                                      2.3134964311441726e+00
5                                      9.6363595691910464e-01
6                                      9.7397672918564560e-01
7                                      1.1443748778489209e+00
   &BVA [&Type "ArrayOfDoubles", &Dim (8,1)] "Mayer's bonded valence"
                                                         0

0                                      3.9709028591077953e+00
1                                      3.9824037704619988e+00
2                                      2.9783038872968133e+00
3                                      2.2806294951420423e+00
4                                      2.3134964311443951e+00
5                                      9.6363595691907911e-01
6                                      9.7397672918565426e-01
7                                      1.1443748778489475e+00
   &FA [&Type "ArrayOfDoubles", &Dim (8,1)] "Mayer's free valence"
                                                         0

0                                      0.0000000000000000e+00
1                                      0.0000000000000000e+00
2                                      0.0000000000000000e+00
3                                      0.0000000000000000e+00
4                                      0.0000000000000000e+00
5                                      0.0000000000000000e+00
6                                      0.0000000000000000e+00
7                                      0.0000000000000000e+00
   &Method [&Type "String"] "SCF"
   &Level [&Type "String"] "Relaxed density"
   &Mult [&Type "Integer"] 1
   &State [&Type "Integer"] -1
   &Irrep [&Type "Integer"] 0
$End
$SCF_Energy
   &GeometryIndex 1
   &Method [&Type "String"] "SCF"
   &totalEnergy [&Type "ArrayOfDoubles", &Dim (1,1)] "Total energy of each state"
                                                         0

0                                     -2.4147277887843586e+02
   &Mult [&Type "ArrayOfIntegers", &Dim (1,1)] "Multiplicity of each state"
                                                         0

0                                                        1
$End
$DFT_Energy
   &GeometryIndex 1
   &nAlphaEl [&Type "Integer"] 18
   &nBetaEl [&Type "Integer"] 18
   &nTotalEl [&Type "Integer"] 36
   &finalEn [&Type "Double"]      -2.4147277887843586e+02  "No Van der Waals correction"
   &eExchange [&Type "Double"]      -3.1693251287028300e+01
   &eCorr [&Type "Double"]      -1.2577025180986090e+00
   &eXC [&Type "Double"]      -3.2950953805126908e+01
   &eCNL [&Type "Double"]       0.0000000000000000e+00
$End
$Solvation_Details
   &GeometryIndex 1
   &Solvent [&Type "String"] "WATER"
   &Epsilon [&Type "Double"]       8.0150999999999996e+01
   &Refrac [&Type "Double"]       1.3328000000000000e+00
   &RSolv [&Type "Double"]       1.3000000000000000e+00
   &SurfaceType [&Type "String"] "GAUSSIAN VDW"
   &CPCMDielEnergy [&Type "Double"]      -1.0895251000000000e-02
   &NPoints [&Type "Integer"] 756
   &SurfaceArea [&Type "Double"]       3.4822965020300001e+02
$End
$SCF_Timings
   &GeometryIndex 1
   &TOTAL [&Type "Double"]       5.3069999999999995e+00
   &PREP [&Type "Double"]       1.5200000000000000e-01
   &FOCK [&Type "Double"]       3.9169999999999989e+00
   &DENS [&Type "Double"]       1.9300000000000050e-01
   &ETOT [&Type "Double"]       1.3000000000000089e-01
   &POP [&Type "Double"]       8.1999999999999851e-02
   &TRAFO [&Type "Double"]       5.8999999999999941e-02
   &DIIS [&Type "Double"]       3.4699999999999953e-01
   &SOSCF [&Type "Double"]       1.5500000000000069e-01
   &XC [&Type "Double"]       2.4710000000000005e+00
   &FOCKSTART [&Type "Double"]       5.4000000000000464e-02
   &SOLV [&Type "Double"]       7.7500000000000102e-01
   &SOLV_INIT [&Type "Double"]       2.2000000000000006e-02
   &INT_BF [&Type "Double"]       4.7600000000000486e-01
   &INT_DENS [&Type "Double"]       4.1400000000000031e-01
   &INT_DENSIO [&Type "Double"]       3.5568230000000003e+03
   &INT_FUNC [&Type "Double"]       1.8999999999999240e-02
   &INT_POT [&Type "Double"]       6.7299999999999527e-01
   &INT_POTIO [&Type "Double"]       2.5000000000000244e-02
   &INT_SUM [&Type "Double"]       6.2000000000001276e-02
   &SPLITRIJ [&Type "Double"]       5.3899999999999948e-01
$End
$VdW_Correction
   &GeometryIndex 1
   &vdW [&Type "Double"]      -1.2258761891988277e-02
$End
$Single_Point_Data
   &GeometryIndex 1
   &FinalEnergy [&Type "Double"]      -2.4148503764032785e+02  "Final single point energy"
   &Converged [&Type "Boolean"] true
$End
$SCF_Nuc_Gradient
   &GeometryIndex 1
   &NAtoms [&Type "Integer"] 8
   &gradNorm [&Type "Double"]       1.6626176011594644e+00
   &grad [&Type "ArrayOfDoubles", &Dim (24,1)] 
                                                         0

0                                     -2.3801569284347221e-02
1                                      9.3305476945698268e-03
2                                     -2.4329985576195146e-02
3                                     -1.1820979089535983e-02
4                                      7.5645745276668578e-04
5                                     -7.2529855531839257e-03
6                                     -2.7891014837483623e-02
7                                     -2.0355978952607330e-02
8                                      9.4017437006221286e-03
9                                     -1.0199124496692482e+00
10                                    -5.0524982445026756e-01
11                                     5.7449726392180045e-02
12                                     1.0827319547212149e+00
13                                     5.3494046519531613e-01
14                                    -5.9097855098033260e-02
15                                     7.0023981910671839e-04
16                                    -1.0114861644991925e-03
17                                     1.6422336028050037e-03
18                                    -2.7386586851666701e-03
19                                    -1.1363019948852885e-03
20                                    -1.2229087274910952e-04
21                                     2.7324770222208884e-03
22                                    -1.7273878781548034e-02
23                                     2.2309413403950380e-02
   &Method [&Type "String"] "SCF"
   &Level [&Type "String"] "Relaxed density"
   &Mult [&Type "Integer"] 1
   &State [&Type "Integer"] 0
   &Irrep [&Type "Integer"] 0
$End
$THERMOCHEMISTRY_Energies
   &GeometryIndex 1
   &temperature [&Type "Double"]       2.9814999999999998e+02
   &pressure [&Type "Double"]       1.0000000000000000e+00
   &totalMass [&Type "Double"]       6.9067000000000007e+01
   &spinDegeneracy [&Type "Integer"] 1
   &elEnergy [&Type "Double"]      -2.4148503764032785e+02
   &transEnergy [&Type "Double"]       1.4162714244859817e-03
   &rotEnergy [&Type "Double"]       1.4162714244859817e-03
   &vibEnergy [&Type "Double"]       4.3376753027132386e-04
   &numOfFreqs [&Type "Integer"] 24
   &freqScalingFactor [&Type "Double"]       1.0000000000000000e+00
   &FREQ [&Type "ArrayOfDoubles", &Units "cm^-1", &Dim (24,1)] 
                                                         0

0                                      0.0000000000000000e+00
1                                      0.0000000000000000e+00
2                                      0.0000000000000000e+00
3                                      0.0000000000000000e+00
4                                      0.0000000000000000e+00
5                                      0.0000000000000000e+00
6                                     -7.1794778200515439e+03
7                                     -6.9749208530398209e+03
8                                     -8.8775524778816305e+02
9                                     -4.7778661328583672e+02
10                                     6.6027845598010720e+02
11                                     7.9846364646299253e+02
12                                     8.8260647118431916e+02
13                                     9.2967189513340099e+02
14                                     9.8819181466813666e+02
15                                     1.0490347619681545e+03
16                                     1.1637850550287314e+03
17                                     1.2204756356054486e+03
18                                     1.3764714141123854e+03
19                                     1.4064514150661139e+03
20                                     2.6137099971123148e+03
21                                     3.1985965627629776e+03
22                                     3.2114657973915946e+03
23                                     1.4097710492572014e+04
   &zpe [&Type "Double"]       7.6539400594536677e-02
   &innerEnergyU [&Type "Double"]      -2.4140523192935407e+02
   &enthalpyH [&Type "Double"]      -2.4140428772031183e+02
   &qEl [&Type "Double"]       0.0000000000000000e+00
   &qRot [&Type "Double"]       1.1359970549725170e-02
   &qVib [&Type "Double"]       5.4076173765438588e-04
   &qTrans [&Type "Double"]       1.8347089783772169e-02
   &entropyS [&Type "Double"]       3.0247822071151727e-02
   &freeEnergyG [&Type "Double"]      -2.4143453554238297e+02
   &isLinear [&Type "Boolean"] false
$End
$Hessian
   &GeometryIndex 1
   &HESSIAN [&Type "ArrayOfDoubles", &Dim (24,24)] "The Hessian"
                                                         0                           1                           2                           3                           4                           5                           6                           7

0                                      8.1087175300177428e-01         1.7765747019136297e-01         1.6062233597236483e-01        -1.5452179203732472e-01        -7.9244388831821500e-02         5.1077168586345145e-02        -5.9298943033368315e-02        -9.0262872324805982e-03
1                                      1.7765747019136297e-01         3.2819970729300252e-01        -1.5534387972580302e-01        -5.6519780730801751e-02        -1.6242485822151226e-01         7.8968832740000480e-02        -6.5594435899772055e-02         1.1133323852543963e-02
2                                      1.6062233597236483e-01        -1.5534387972580302e-01         3.9556445559352815e-01         2.3498512114425451e-02         6.6537795031766683e-02        -1.3959749422026194e-01         3.7841272715437385e-02         2.1918899751453302e-03
3                                     -1.5452179203732472e-01        -5.6519780730801751e-02         2.3498512114425451e-02         4.8885335932122553e-01         4.3810954773279745e-02         1.4220680113708661e-01        -2.6434337994043411e-01        -2.3786857220664134e-02
4                                     -7.9244388831821500e-02        -1.6242485822151226e-01         6.6537795031766683e-02         4.3810954773279745e-02         4.1812516171407926e-01        -3.2540550766455195e-01        -2.2817923149740287e-02        -8.8466074935165021e-02
5                                      5.1077168586345145e-02         7.8968832740000480e-02        -1.3959749422026194e-01         1.4220680113708661e-01        -3.2540550766455195e-01         6.0067635540961439e-01        -7.8221451495227384e-02         1.0123655738306994e-02
6                                     -5.9298943033368315e-02        -6.5594435899772055e-02         3.7841272715437385e-02        -2.6434337994043411e-01        -2.2817923149740287e-02        -7.8221451495227384e-02         4.6473524313297238e-01         9.3420519071738220e-02
7                                     -9.0262872324805982e-03         1.1133323852543963e-02         2.1918899751453302e-03        -2.3786857220664134e-02        -8.8466074935165021e-02         1.0123655738306994e-02         9.3420519071738220e-02         2.4303662552062397e-01
8                                     -3.0487080019280459e-02        -2.8474673974476367e-02         3.4930524418780015e-02        -7.7073352518455485e-02         1.0654231798487814e-02        -1.2418432400599713e-01         7.8577905225328648e-02        -1.0818765456662999e-01
9                                     -1.4405930243814893e-01         4.0141124233277758e-02        -8.7519889066691434e-02         3.3758100448158371e-02         3.4884677226048218e-02        -2.8751299483356647e-02        -3.9322605358512376e-02        -6.2621849503229216e-02
10                                     1.2594119421099267e-02        -1.1966905598049338e-01         6.4614378909574638e-02        -2.1671238959122780e-02        -2.4288309880763900e-02         2.8475385690178129e-02        -2.8219750013892403e-02        -3.1407648487223778e-02
11                                    -5.4202241652946938e-02         7.9533980168674856e-02        -1.9779216105604569e-01         3.9731225834797261e-02         5.9200892715921077e-02        -4.1055765720130435e-02        -5.5912432894061597e-03         4.5016396064131894e-02
12                                    -1.1233093677492745e-01         1.0379489945092704e-02        -8.8292653551825695e-02        -3.3984040470399712e-02         1.5441059159739395e-03        -3.0229163125366654e-02        -8.3262331676647150e-02        -6.3162277894567576e-03
13                                    -2.4306850633814610e-02         1.3290440750218464e-02         2.3224030832104357e-03         4.8355532349957514e-02        -1.3099982651188544e-02         6.3760684363668954e-02         3.5144767223839787e-02        -1.1717416729651406e-01
14                                    -4.6633600291869526e-02         2.0949522291189699e-02        -2.4813169295092828e-02        -8.6774086486599122e-02         3.8512305523454970e-02        -7.5958546305800553e-02        -4.2311141592922673e-02         3.7826587336437859e-02
15                                    -3.1331587895011775e-01        -8.5757917731663108e-02        -5.1900234485890220e-02        -2.6004594637688977e-03         1.2031859139646148e-03        -2.8247155971062900e-03        -7.8342146859887440e-05        -1.0084355522835108e-03
16                                    -9.1057177515926013e-02        -6.4859154497799554e-02        -3.3392385990609584e-03        -1.1972828245160515e-02         6.8185305968693991e-04        -7.4368949179975906e-03        -4.6921007754142739e-03         9.3557958352495662e-04
17                                    -4.5458025527735015e-02        -4.5567644009854823e-04        -5.0849684314828850e-02         1.3109612975951524e-02        -2.6963384932878268e-04         7.3606466901618966e-03         2.8285453761516745e-03         4.5348307961476566e-03
18                                     9.2986890314795990e-03        -7.4150304160077235e-03         1.4588013920276845e-02        -6.0056389183956407e-02         2.4395773079494740e-02        -4.5680061651482452e-02        -2.7338512656757338e-03         1.9565648411176365e-02
19                                     6.8346583470198473e-03        -4.1949436994593945e-03         7.5359387954202529e-03         2.8141130589106052e-02        -1.3780311048027757e-01         1.4525547851001674e-01         1.9582426251199860e-03         9.0316746311524653e-04
20                                    -2.6558565744939575e-03        -2.0253991100948471e-04        -2.2328177946661087e-03        -5.0216988445472156e-02         1.4321408834992091e-01        -2.3090199136647321e-01        -8.0619674821091197e-04         2.7244074263428732e-03
21                                    -3.6643588799366675e-02        -1.2892785895561764e-02        -8.8073380490106823e-03        -7.1053986735000602e-03        -3.7894508987965925e-03        -7.5685843061224665e-03        -1.5695789711474849e-02        -1.0229446068806561e-02
22                                     6.5503225586335950e-03        -1.4754594965003705e-03         1.5522056322604467e-02        -6.3438465849970094e-03         7.2753213951411294e-03         6.2193366665769436e-03        -9.1963831978727761e-03        -1.8960805700905286e-02
23                                    -3.2292720061470589e-02         4.9830910586645561e-03        -1.5209653331412717e-02        -4.4904186765039504e-03         7.5948569681305823e-03         3.6611195188870349e-03         7.6337674865234149e-03         5.7240885935605171e-03
                                                         8                           9                          10                          11                          12                          13                          14                          15

0                                     -3.0487080019280459e-02        -1.4405930243814893e-01         1.2594119421099267e-02        -5.4202241652946938e-02        -1.1233093677492745e-01        -2.4306850633814610e-02        -4.6633600291869526e-02        -3.1331587895011775e-01
1                                     -2.8474673974476367e-02         4.0141124233277758e-02        -1.1966905598049338e-01         7.9533980168674856e-02         1.0379489945092704e-02         1.3290440750218464e-02         2.0949522291189699e-02        -8.5757917731663108e-02
2                                      3.4930524418780015e-02        -8.7519889066691434e-02         6.4614378909574638e-02        -1.9779216105604569e-01        -8.8292653551825695e-02         2.3224030832104357e-03        -2.4813169295092828e-02        -5.1900234485890220e-02
3                                     -7.7073352518455485e-02         3.3758100448158371e-02        -2.1671238959122780e-02         3.9731225834797261e-02        -3.3984040470399712e-02         4.8355532349957514e-02        -8.6774086486599122e-02        -2.6004594637688977e-03
4                                      1.0654231798487814e-02         3.4884677226048218e-02        -2.4288309880763900e-02         5.9200892715921077e-02         1.5441059159739395e-03        -1.3099982651188544e-02         3.8512305523454970e-02         1.2031859139646148e-03
5                                     -1.2418432400599713e-01        -2.8751299483356647e-02         2.8475385690178129e-02        -4.1055765720130435e-02        -3.0229163125366654e-02         6.3760684363668954e-02        -7.5958546305800553e-02        -2.8247155971062900e-03
6                                      7.8577905225328648e-02        -3.9322605358512376e-02        -2.8219750013892403e-02        -5.5912432894061597e-03        -8.3262331676647150e-02         3.5144767223839787e-02        -4.2311141592922673e-02        -7.8342146859887440e-05
7                                     -1.0818765456662999e-01        -6.2621849503229216e-02        -3.1407648487223778e-02         4.5016396064131894e-02        -6.3162277894567576e-03        -1.1717416729651406e-01         3.7826587336437859e-02        -1.0084355522835108e-03
8                                      2.8501206967725345e-01         3.6005068495304986e-02         6.3726725682176188e-02        -2.3615659884883768e-02         7.7220974861268443e-03         6.0230491032767869e-02        -1.5155414382143576e-01        -1.6122298848676767e-03
9                                      3.6005068495304986e-02         2.7801301839708250e+00         1.7844838072522231e+00        -2.0874525752923506e-01         4.1992035134166453e-02         8.2998144559531931e-02        -2.2595579292941460e-02        -9.4002088445732171e-03
10                                     6.3726725682176188e-02         1.7844838072522231e+00         2.6146475836728578e-01        -3.2881760792244419e-01         8.7791592100730786e-02        -5.3029305596253823e-02        -1.1629692645039005e-02        -3.0175585588517167e-03
11                                    -2.3615659884883768e-02        -2.0874525752923506e-01        -3.2881760792244419e-01        -5.2739147337000813e-01        -2.8346732622613821e-02        -1.4125126376153908e-02        -1.0052691365944810e-01         9.3188964080583025e-04
12                                     7.7220974861268443e-03         4.1992035134166453e-02         8.7791592100730786e-02        -2.8346732622613821e-02         2.8137808453074786e+00         1.7392807139777222e+00        -1.2243010646020594e-01         2.8396988128757718e-03
13                                     6.0230491032767869e-02         8.2998144559531931e-02        -5.3029305596253823e-02        -1.4125126376153908e-02         1.7392807139777222e+00         1.7561876507507013e-01        -2.7685319479400328e-01        -2.0313557911160809e-03
14                                    -1.5155414382143576e-01        -2.2595579292941460e-02        -1.1629692645039005e-02        -1.0052691365944810e-01        -1.2243010646020594e-01        -2.7685319479400328e-01        -5.6587549686983918e-01        -2.8736845098923164e-03
15                                    -1.6122298848676767e-03        -9.4002088445732171e-03        -3.0175585588517167e-03         9.3188964080583025e-04         2.8396988128757718e-03        -2.0313557911160809e-03        -2.8736845098923164e-03         3.2333162358725892e-01
16                                     2.5375640875506394e-03         1.4961665548078788e-02         3.6869841002597041e-03        -1.6493687645284111e-03        -2.6214229286743232e-03         3.6128300828476281e-03         9.4958481816816397e-03         8.9422253309497213e-02
17                                     1.1940167769502470e-03        -2.0803382589313968e-02        -1.1426227787385047e-02        -1.8735141453602184e-03        -2.1672579800628916e-03         9.8132463710563309e-03        -4.1480229381527737e-04         5.5678685083541790e-02
18                                    -2.2087413485559093e-02        -2.3541784536464166e-03        -5.8443925540389245e-03         1.9627353111125088e-03        -4.6752391676081698e-03        -1.3241813455123137e-03        -6.4320719105171453e-03        -2.9597029448451132e-04
19                                    -6.8518752408544877e-03        -2.3327548003705722e-03         2.0948836278760928e-03         4.7273252531773030e-03        -4.1223572240076355e-03         5.9880829549721374e-03         2.7656877211737893e-03         2.4849845652329886e-04
20                                    -9.3623969662254836e-03        -2.2830722214660379e-03         2.8141239683853033e-03         2.4045462858074598e-03        -3.0352072327224384e-03         4.2699223911637722e-03         3.2932409102439855e-03         4.8386945045785466e-04
21                                     9.0035470237282422e-03        -2.6607440244582690e+00        -1.8261040788963379e+00         2.5427348069097971e-01        -2.6243600311649384e+00        -1.8780912667970129e+00         3.3001290620686885e-01        -4.8046270033044128e-04
22                                     6.4109898175351773e-03        -1.8925273143073698e+00        -3.8852306150686702e-02         1.5611241977649826e-01        -1.8259613975409765e+00        -1.5206663319151898e-02         1.7893426860894868e-01         9.3969588715042489e-04
23                                    -1.2420086194441559e-02         3.3467955530420634e-01         1.9224400318927704e-01         8.8985094155006894e-01         2.6681638782474992e-01         1.5058024170444556e-01         9.1584983133518771e-01         2.1221206964794595e-03
                                                        16                          17                          18                          19                          20                          21                          22                          23

0                                     -9.1057177515926013e-02        -4.5458025527735015e-02         9.2986890314795990e-03         6.8346583470198473e-03        -2.6558565744939575e-03        -3.6643588799366675e-02         6.5503225586335950e-03        -3.2292720061470589e-02
1                                     -6.4859154497799554e-02        -4.5567644009854823e-04        -7.4150304160077235e-03        -4.1949436994593945e-03        -2.0253991100948471e-04        -1.2892785895561764e-02        -1.4754594965003705e-03         4.9830910586645561e-03
2                                     -3.3392385990609584e-03        -5.0849684314828850e-02         1.4588013920276845e-02         7.5359387954202529e-03        -2.2328177946661087e-03        -8.8073380490106823e-03         1.5522056322604467e-02        -1.5209653331412717e-02
3                                     -1.1972828245160515e-02         1.3109612975951524e-02        -6.0056389183956407e-02         2.8141130589106052e-02        -5.0216988445472156e-02        -7.1053986735000602e-03        -6.3438465849970094e-03        -4.4904186765039504e-03
4                                      6.8185305968693991e-04        -2.6963384932878268e-04         2.4395773079494740e-02        -1.3780311048027757e-01         1.4321408834992091e-01        -3.7894508987965925e-03         7.2753213951411294e-03         7.5948569681305823e-03
5                                     -7.4368949179975906e-03         7.3606466901618966e-03        -4.5680061651482452e-02         1.4525547851001674e-01        -2.3090199136647321e-01        -7.5685843061224665e-03         6.2193366665769436e-03         3.6611195188870349e-03
6                                     -4.6921007754142739e-03         2.8285453761516745e-03        -2.7338512656757338e-03         1.9582426251199860e-03        -8.0619674821091197e-04        -1.5695789711474849e-02        -9.1963831978727761e-03         7.6337674865234149e-03
7                                      9.3557958352495662e-04         4.5348307961476566e-03         1.9565648411176365e-02         9.0316746311524653e-04         2.7244074263428732e-03        -1.0229446068806561e-02        -1.8960805700905286e-02         5.7240885935605171e-03
8                                      2.5375640875506394e-03         1.1940167769502470e-03        -2.2087413485559093e-02        -6.8518752408544877e-03        -9.3623969662254836e-03         9.0035470237282422e-03         6.4109898175351773e-03        -1.2420086194441559e-02
9                                      1.4961665548078788e-02        -2.0803382589313968e-02        -2.3541784536464166e-03        -2.3327548003705722e-03        -2.2830722214660379e-03        -2.6607440244582690e+00        -1.8925273143073698e+00         3.3467955530420634e-01
10                                     3.6869841002597041e-03        -1.1426227787385047e-02        -5.8443925540389245e-03         2.0948836278760928e-03         2.8141239683853033e-03        -1.8261040788963379e+00        -3.8852306150686702e-02         1.9224400318927704e-01
11                                    -1.6493687645284111e-03        -1.8735141453602184e-03         1.9627353111125088e-03         4.7273252531773030e-03         2.4045462858074598e-03         2.5427348069097971e-01         1.5611241977649826e-01         8.8985094155006894e-01
12                                    -2.6214229286743232e-03        -2.1672579800628916e-03        -4.6752391676081698e-03        -4.1223572240076355e-03        -3.0352072327224384e-03        -2.6243600311649384e+00        -1.8259613975409765e+00         2.6681638782474992e-01
13                                     3.6128300828476281e-03         9.8132463710563309e-03        -1.3241813455123137e-03         5.9880829549721374e-03         4.2699223911637722e-03        -1.8780912667970129e+00        -1.5206663319151898e-02         1.5058024170444556e-01
14                                     9.4958481816816397e-03        -4.1480229381527737e-04        -6.4320719105171453e-03         2.7656877211737893e-03         3.2932409102439855e-03         3.3001290620686885e-01         1.7893426860894868e-01         9.1584983133518771e-01
15                                     8.9422253309497213e-02         5.5678685083541790e-02        -2.9597029448451132e-04         2.4849845652329886e-04         4.8386945045785466e-04        -4.8046270033044128e-04         9.3969588715042489e-04         2.1221206964794595e-03
16                                     5.8846372649467939e-02         3.5705091414961897e-03         8.1803353107858738e-04        -8.7166971256421493e-04        -6.0726696581110771e-04         5.1432111432994001e-03        -2.0327952654233981e-03        -2.5687357902654450e-03
17                                     3.5705091414961897e-03         4.7541684712268883e-02        -2.0588463620190269e-04        -9.1786169209982337e-04        -7.4330965889313574e-04        -2.9879930958596574e-03        -4.8516029128529321e-03        -2.2150377664835411e-03
18                                     8.1803353107858738e-04        -2.0588463620190269e-04         6.0281378557497746e-02        -3.1116284273709792e-02         5.7684038252923314e-02         5.3556077639390753e-04         9.1661713807881650e-04         1.7758195111758422e-04
19                                    -8.7166971256421493e-04        -9.1786169209982337e-04        -3.1116284273709792e-02         1.3426872586362212e-01        -1.5095827283181945e-01         3.9268270975905664e-04        -3.8513601728443008e-04        -1.5590603824736063e-03
20                                    -6.0726696581110771e-04        -7.4330965889313574e-04         5.7684038252923314e-02        -1.5095827283181945e-01         2.3741927187778814e-01         8.2247576731467472e-04        -1.2518225597135026e-03         1.2345671241836657e-04
21                                     5.1432111432994001e-03        -2.9879930958596574e-03         5.3556077639390753e-04         3.9268270975905664e-04         8.2247576731467472e-04         5.3444937347314845e+00         3.7255967203754059e+00        -5.7469738438150042e-01
22                                    -2.0327952654233981e-03        -4.8516029128529321e-03         9.1661713807881650e-04        -3.8513601728443008e-04        -1.2518225597135026e-03         3.7255967203754059e+00         6.9637844554810951e-02        -3.5704706553046811e-01
