*************************************************
******************* ORCA 6.1.1 ******************
*************************************************
$Calculation_Status
   &GeometryIndex 4
   &version [&Type "String"] "6.1.1"
   &progName [&Type "String"] "LeanSCF"
   &Status [&Type "String"] "NORMAL TERMINATION"
$End
$Geometry
   &GeometryIndex 1
   &NAtoms [&Type "Integer"] 8
   &NCorelessECP [&Type "Integer"] 0
   &NGhostAtoms [&Type "Integer"] 0
   &CartesianCoordinates [&Type "Coordinates", &Dim(8,4), &Units "Bohr"] 
              C      8.563671921091    1.733823727873    0.155524460822
              C      7.040741629764   -0.019086233953    1.448853026877
              N      4.777794584393   -0.111871787128    0.331457963890
              N      7.233493695424    2.714591591378   -1.754232770119
              N      5.019301584308    1.545040087094   -1.542772415733
              H     10.489869769397    2.315292459280    0.498698726742
              H      7.453646790026   -1.179000134953    3.077041063864
              H      3.585377393889    1.899363737204   -2.751063305763
$End
$SCF_Mulliken_Population_Analysis
   &GeometryIndex 1
   &NAtoms [&Type "Integer"] 8
   &ATNO [&Type "ArrayOfIntegers", &Dim (8,1)] 
                                                         0

0                                                        6
1                                                        6
2                                                        7
3                                                        7
4                                                        7
5                                                        1
6                                                        1
7                                                        1
   &AtomicCharges [&Type "ArrayOfDoubles", &Dim (8,1)] 
                                                         0

0                                     -1.1797706455801205e-01
1                                     -1.1780764704528401e-01
2                                     -2.0191054198780289e-01
3                                     -2.0172274356539077e-01
4                                      4.0546057239584599e-02
5                                      1.5440082454204629e-01
6                                      1.5438938432392746e-01
7                                      2.9008173105085333e-01
   &Method [&Type "String"] "SCF"
   &Level [&Type "String"] "Relaxed density"
   &Mult [&Type "Integer"] 1
   &State [&Type "Integer"] -1
   &Irrep [&Type "Integer"] 0
$End
$SCF_Loewdin_Population_Analysis
   &GeometryIndex 1
   &NAtoms [&Type "Integer"] 8
   &ATNO [&Type "ArrayOfIntegers", &Dim (8,1)] 
                                                         0

0                                                        6
1                                                        6
2                                                        7
3                                                        7
4                                                        7
5                                                        1
6                                                        1
7                                                        1
   &AtomicCharges [&Type "ArrayOfDoubles", &Dim (8,1)] 
                                                         0

0                                     -2.8125750245504566e-01
1                                     -2.8127752360039970e-01
2                                      4.3196919131878175e-03
3                                      4.3471146145472872e-03
4                                      7.1002841482193269e-02
5                                      1.4181784232406947e-01
6                                      1.4185725028096163e-01
7                                      1.9919028544038309e-01
   &Method [&Type "String"] "SCF"
   &Level [&Type "String"] "Relaxed density"
   &Mult [&Type "Integer"] 1
   &State [&Type "Integer"] -1
   &Irrep [&Type "Integer"] 0
$End
$SCF_Mayer_Population_Analysis
   &GeometryIndex 1
   &NAtoms [&Type "Integer"] 8 "Total number of atoms"
   &NBondOrdersPrint [&Type "Integer"] 9 "The number of bond orders larger than threshold"
   &bondThresh [&Type "Double"]       1.0000000000000001e-01  "The threshold for printing"
   &components [&Type "ArrayOfIntegers", &Dim (9,4)] "The indices and atomic numbers of the bonding atoms"
                                                         0                           1                           2                           3

0                                                        0                           6                           1                           6
1                                                        0                           6                           3                           7
2                                                        0                           6                           5                           1
3                                                        1                           6                           2                           7
4                                                        1                           6                           6                           1
5                                                        2                           7                           3                           7
6                                                        2                           7                           4                           7
7                                                        3                           7                           4                           7
8                                                        4                           7                           7                           1
   &BondOrders [&Type "ArrayOfDoubles", &Dim (9,1)] "The bond orders"
                                                         0

0                                      1.4401891433123433e+00
1                                      1.5908583977357369e+00
2                                      9.5738087143571815e-01
3                                      1.5908931169705505e+00
4                                      9.5738583813217748e-01
5                                      1.3542494460427326e-01
6                                      1.2400556542339345e+00
7                                      1.2401371681614815e+00
8                                      8.8920523514882577e-01
   &ATNO [&Type "ArrayOfIntegers", &Dim (8,1)] "Atomic number of the elements"
                                                         0

0                                                        6
1                                                        6
2                                                        7
3                                                        7
4                                                        7
5                                                        1
6                                                        1
7                                                        1
   &NA [&Type "ArrayOfDoubles", &Dim (8,1)] "Mulliken gross atomic population"
                                                         0

0                                      6.1179770645580067e+00
1                                      6.1178076470452813e+00
2                                      7.2019105419878260e+00
3                                      7.2017227435654076e+00
4                                      6.9594539427603888e+00
5                                      8.4559917545795282e-01
6                                      8.4561061567607299e-01
7                                      7.0991826894914656e-01
   &ZA [&Type "ArrayOfDoubles", &Dim (8,1)] "Total nuclear charge"
                                                         0

0                                      6.0000000000000000e+00
1                                      6.0000000000000000e+00
2                                      7.0000000000000000e+00
3                                      7.0000000000000000e+00
4                                      7.0000000000000000e+00
5                                      1.0000000000000000e+00
6                                      1.0000000000000000e+00
7                                      1.0000000000000000e+00
   &QA [&Type "ArrayOfDoubles", &Dim (8,1)] "Mulliken gross atomic charge"
                                                         0

0                                     -1.1797706455800672e-01
1                                     -1.1780764704528135e-01
2                                     -2.0191054198782599e-01
3                                     -2.0172274356540765e-01
4                                      4.0546057239611244e-02
5                                      1.5440082454204718e-01
6                                      1.5438938432392701e-01
7                                      2.9008173105085344e-01
   &VA [&Type "ArrayOfDoubles", &Dim (8,1)] "Mayer's total valence"
                                                         0

0                                      4.0632708222940126e+00
1                                      4.0632366525257373e+00
2                                      2.9993997084159369e+00
3                                      2.9993854435509704e+00
4                                      3.5077892108119877e+00
5                                      9.7994835877359709e-01
6                                      9.7994330774712479e-01
7                                      9.2565899727080803e-01
   &BVA [&Type "ArrayOfDoubles", &Dim (8,1)] "Mayer's bonded valence"
                                                         0

0                                      4.0632708222939931e+00
1                                      4.0632366525258092e+00
2                                      2.9993997084160391e+00
3                                      2.9993854435508518e+00
4                                      3.5077892108120907e+00
5                                      9.7994835877360431e-01
6                                      9.7994330774715466e-01
7                                      9.2565899727081924e-01
   &FA [&Type "ArrayOfDoubles", &Dim (8,1)] "Mayer's free valence"
                                                         0

0                                      0.0000000000000000e+00
1                                      0.0000000000000000e+00
2                                      0.0000000000000000e+00
3                                      0.0000000000000000e+00
4                                      0.0000000000000000e+00
5                                      0.0000000000000000e+00
6                                      0.0000000000000000e+00
7                                      0.0000000000000000e+00
   &Method [&Type "String"] "SCF"
   &Level [&Type "String"] "Relaxed density"
   &Mult [&Type "Integer"] 1
   &State [&Type "Integer"] -1
   &Irrep [&Type "Integer"] 0
$End
$SCF_Energy
   &GeometryIndex 1
   &Method [&Type "String"] "SCF"
   &totalEnergy [&Type "ArrayOfDoubles", &Dim (1,1)] "Total energy of each state"
                                                         0

0                                     -2.4227507844476131e+02
   &Mult [&Type "ArrayOfIntegers", &Dim (1,1)] "Multiplicity of each state"
                                                         0

0                                                        1
$End
$DFT_Energy
   &GeometryIndex 1
   &nAlphaEl [&Type "Integer"] 18
   &nBetaEl [&Type "Integer"] 18
   &nTotalEl [&Type "Integer"] 36
   &finalEn [&Type "Double"]      -2.4227507844476131e+02  "No Van der Waals correction"
   &eExchange [&Type "Double"]      -3.1394591586428128e+01
   &eCorr [&Type "Double"]      -1.2477051358732703e+00
   &eXC [&Type "Double"]      -3.2642296722301396e+01
   &eCNL [&Type "Double"]       0.0000000000000000e+00
$End
$Solvation_Details
   &GeometryIndex 1
   &Solvent [&Type "String"] "WATER"
   &Epsilon [&Type "Double"]       7.8355000000000004e+01
   &Refrac [&Type "Double"]       1.3328000000000000e+00
   &RSolv [&Type "Double"]       1.3000000000000000e+00
   &SurfaceType [&Type "String"] "GAUSSIAN VDW"
   &CPCMDielEnergy [&Type "Double"]      -1.4471147000000000e-02
   &NPoints [&Type "Integer"] 714
   &SurfaceArea [&Type "Double"]       3.3758931874500001e+02
$End
$SCF_Timings
   &GeometryIndex 1
   &TOTAL [&Type "Double"]       7.0030000000000001e+00
   &PREP [&Type "Double"]       5.9000000000000004e-02
   &FOCK [&Type "Double"]       6.0660000000000007e+00
   &DENS [&Type "Double"]       1.0200000000000031e-01
   &ETOT [&Type "Double"]       7.3000000000000176e-02
   &POP [&Type "Double"]       1.6999999999999460e-02
   &TRAFO [&Type "Double"]       1.6000000000000014e-02
   &DIIS [&Type "Double"]       1.2899999999999956e-01
   &SOSCF [&Type "Double"]       1.2299999999999889e-01
   &XC [&Type "Double"]       3.9980000000000011e+00
   &FOCKSTART [&Type "Double"]       2.0000000000003348e-03
   &SOLV [&Type "Double"]       1.3269999999999995e+00
   &SOLV_INIT [&Type "Double"]       1.3000000000000005e-02
   &INT_BF [&Type "Double"]       9.1899999999998960e-01
   &INT_DENS [&Type "Double"]       7.3500000000001076e-01
   &INT_DENSIO [&Type "Double"]       3.0997858000000037e+04
   &INT_FUNC [&Type "Double"]       8.5999999999998078e-02
   &INT_POT [&Type "Double"]       2.1269999999999984e+00
   &INT_POTIO [&Type "Double"]       2.2000000000001019e-02
   &SPLITRIJ [&Type "Double"]       1.0680000000000012e+00
$End
$VdW_Correction
   &GeometryIndex 1
   &vdW [&Type "Double"]      -1.2293736977463398e-02
$End
$Single_Point_Data
   &GeometryIndex 1
   &FinalEnergy [&Type "Double"]      -2.4228737218173876e+02  "Final single point energy"
   &Converged [&Type "Boolean"] true
$End
$SCF_Nuc_Gradient
   &GeometryIndex 1
   &NAtoms [&Type "Integer"] 8
   &gradNorm [&Type "Double"]       2.4867490712356059e-02
   &grad [&Type "ArrayOfDoubles", &Dim (24,1)] 
                                                         0

0                                     -7.4861150852720158e-03
1                                      3.4751746928067973e-03
2                                     -8.2874238926875544e-03
3                                     -9.8182824867325876e-03
4                                      8.2143117240713931e-04
5                                     -6.3869559498857991e-03
6                                      5.4248454617923728e-03
7                                      3.4896432354313590e-03
8                                     -1.2084667194897473e-03
9                                     -1.5033447154959253e-03
10                                    -4.4550464333385012e-03
11                                     4.6283473692721368e-03
12                                     1.0748883070068041e-02
13                                    -2.5672454593541009e-03
14                                     8.8630022433827931e-03
15                                    -1.4135115495309786e-03
16                                     2.0373068497673134e-04
17                                    -1.0153196711070276e-03
18                                    -1.2378699586786943e-03
19                                     3.9700304576534555e-04
20                                    -1.1326032755246218e-03
21                                     5.2853952588123466e-03
22                                    -1.3646909393557607e-03
23                                     4.5394198974671781e-03
   &Method [&Type "String"] "SCF"
   &Level [&Type "String"] "Relaxed density"
   &Mult [&Type "Integer"] 1
   &State [&Type "Integer"] 0
   &Irrep [&Type "Integer"] 0
$End
$THERMOCHEMISTRY_Energies
   &GeometryIndex 1
   &temperature [&Type "Double"]       2.9814999999999998e+02
   &pressure [&Type "Double"]       1.0000000000000000e+00
   &totalMass [&Type "Double"]       6.9067000000000007e+01
   &spinDegeneracy [&Type "Integer"] 1
   &elEnergy [&Type "Double"]      -2.4228737218173876e+02
   &transEnergy [&Type "Double"]       1.4162714244859817e-03
   &rotEnergy [&Type "Double"]       1.4162714244859817e-03
   &vibEnergy [&Type "Double"]       8.7055685898766949e-04
   &numOfFreqs [&Type "Integer"] 24
   &freqScalingFactor [&Type "Double"]       1.0000000000000000e+00
   &FREQ [&Type "ArrayOfDoubles", &Units "cm^-1", &Dim (24,1)] 
                                                         0

0                                      0.0000000000000000e+00
1                                      0.0000000000000000e+00
2                                      0.0000000000000000e+00
3                                      0.0000000000000000e+00
4                                      0.0000000000000000e+00
5                                      0.0000000000000000e+00
6                                      4.6015945554332092e+02
7                                      6.5628628575635173e+02
8                                      6.8050471386367428e+02
9                                      8.0555582557825619e+02
10                                     8.7209058924611350e+02
11                                     9.2815275310139043e+02
12                                     9.3151863134205519e+02
13                                     1.0561505794179311e+03
14                                     1.0875130113237728e+03
15                                     1.1035067359651139e+03
16                                     1.2295213492310597e+03
17                                     1.2600796864671631e+03
18                                     1.3586148023840778e+03
19                                     1.4016667431348010e+03
20                                     1.4934967226346685e+03
21                                     3.2121037873402693e+03
22                                     3.2254786442794034e+03
23                                     3.5863379224790701e+03
   &zpe [&Type "Double"]       5.7748674905909715e-02
   &innerEnergyU [&Type "Double"]      -2.4222592040712487e+02
   &enthalpyH [&Type "Double"]      -2.4222497619808263e+02
   &qEl [&Type "Double"]       0.0000000000000000e+00
   &qRot [&Type "Double"]       1.1392169487390269e-02
   &qVib [&Type "Double"]       1.1351426818638143e-03
   &qTrans [&Type "Double"]       1.8347089783772169e-02
   &entropyS [&Type "Double"]       3.0874401953026251e-02
   &freeEnergyG [&Type "Double"]      -2.4225585060003564e+02
   &isLinear [&Type "Boolean"] false
$End
$Hessian
   &GeometryIndex 1
   &HESSIAN [&Type "ArrayOfDoubles", &Dim (24,24)] "The Hessian"
                                                         0                           1                           2                           3                           4                           5                           6                           7

0                                      7.6582589487302943e-01         1.7004845207074082e-01         1.4036904661582680e-01        -1.5984625667575869e-01        -8.2668410294555156e-02         5.1659810956878660e-02        -6.3258113989506995e-02        -1.5175588506329716e-02
1                                      1.7004845207074082e-01         3.4134510421460518e-01        -1.6523603152112903e-01        -6.2660261736671025e-02        -1.6185786769234531e-01         7.6187562722673671e-02        -6.5251626289515113e-02         8.2311079998301784e-03
2                                      1.4036904661582680e-01        -1.6523603152112903e-01         4.0473449948763351e-01         2.7476428547041003e-02         6.5302789334168831e-02        -1.3483447599122012e-01         3.3794154200124854e-02         5.7799944943638590e-03
3                                     -1.5984625667575869e-01        -6.2660261736671025e-02         2.7476428547041003e-02         5.1561963139654798e-01         5.7345044228973720e-02         1.4099081790932699e-01        -2.9479353200871494e-01        -1.5914457024950347e-02
4                                     -8.2668410294555156e-02        -1.6185786769234531e-01         6.5302789334168831e-02         5.7345044228973720e-02         4.1251965673959168e-01        -3.1266606309705425e-01        -2.6623379082225632e-02        -8.4487242772498278e-02
5                                      5.1659810956878660e-02         7.6187562722673671e-02        -1.3483447599122012e-01         1.4099081790932699e-01        -3.1266606309705425e-01         5.8348596997466939e-01        -9.0729058167847432e-02         1.0507665617559739e-02
6                                     -6.3258113989506995e-02        -6.5251626289515113e-02         3.3794154200124854e-02        -2.9479353200871494e-01        -2.6623379082225632e-02        -9.0729058167847432e-02         5.0021707360903178e-01         1.0300344824646429e-01
7                                     -1.5175588506329716e-02         8.2311079998301784e-03         5.7799944943638590e-03        -1.5914457024950347e-02        -8.4487242772498278e-02         1.0507665617559739e-02         1.0300344824646429e-01         2.6669293223425833e-01
8                                     -2.6830709567038726e-02        -2.1427732675117488e-02         3.1189126080997016e-02        -1.0354791305152898e-01         4.7122076042954639e-03        -1.3086672315129794e-01         9.4651832021814861e-02        -1.5010035234249480e-01
9                                     -1.5646047284165790e-01         4.6667354806808385e-02        -1.0398589397655678e-01         3.5780890646369919e-02         2.9559330238308382e-02        -2.7137658118757860e-02        -5.0335653268287012e-02        -5.5109443163206429e-02
10                                     3.6002626534752419e-02        -1.2387810389748163e-01         8.6346916431067969e-02        -2.0476023743849017e-02        -1.9897373706871672e-02         3.6961419294056559e-02        -3.0062584567593947e-02        -3.2135428505912181e-02
11                                    -9.1162197401084111e-02         9.2093379574288398e-02        -2.2976136119339058e-01         3.3423499852809395e-02         6.4230238970687664e-02        -3.9657112091784137e-02        -6.6539591249028911e-03         4.3942562990928878e-02
12                                    -7.9625143605462440e-02         9.8828236542544481e-03        -6.3560703061373278e-02        -3.6977836152740112e-02         9.8267427803613167e-04        -2.9567063756175346e-02        -9.7305432908255676e-02        -3.6790448904615303e-02
13                                    -1.8241736747169505e-02         5.3400792213894183e-03         2.1367537915325651e-03         2.9093819004802107e-02        -6.7852983448229778e-03         4.2581922367492003e-02         2.3672485308613017e-04        -1.5151301267117392e-01
14                                    -2.9405254089374052e-02         1.7505407082382109e-02        -2.1861932590685709e-02        -6.3762299684341522e-02         2.7279803799076408e-02        -5.2277289797298246e-02        -1.7894234930296141e-02         8.5047931250985517e-02
15                                    -3.1292456524153622e-01        -8.6893045102238969e-02        -4.9544962511698376e-02        -3.1619768320065508e-03         1.7737694664938172e-03        -3.5060721052290744e-03        -2.8948249203500885e-04        -1.8360341713008184e-03
16                                    -9.1821865278653991e-02        -6.6732391894822884e-02        -3.2758607182657665e-03        -1.1789716691875554e-02         4.6981254261820472e-04        -7.7794791639886080e-03        -4.7389356617550827e-03         8.1276286477636236e-04
17                                    -4.3576467300042762e-02        -6.0034320070170583e-04        -5.1181067173497338e-02         1.2909339796431631e-02        -4.0816552585985376e-04         6.8416040134415953e-03         2.3347386453069336e-03         5.2188547999449993e-03
18                                     9.8618394234680027e-03        -5.8970455444190429e-03         1.2856745199419910e-02        -6.0569293721125780e-02         2.1973697588357391e-02        -4.4131552099075419e-02        -3.4312245363622082e-03         1.9217327627346809e-02
19                                     7.6440637428304321e-03        -3.2352727349482142e-03         7.2761367018580984e-03         2.6925555759090614e-02        -1.3861238522632507e-01         1.4816244021424096e-01         1.5929648764199493e-03         4.2382493036217852e-04
20                                    -3.5439489738802420e-03        -8.1131129979011840e-05        -2.4909126719143380e-03        -5.0127542500827134e-02         1.4546332881485491e-01        -2.3148464758184770e-01        -3.2972823617435920e-04         2.2107539433577667e-03
21                                    -3.5731819425751984e-03        -5.9016532853651679e-03         2.6021884364083817e-03         3.9483733474281425e-03        -2.3712549771819037e-03         2.4303925586807015e-03         9.1963655941300088e-03         2.6316654058371400e-03
22                                    -5.7825400952096033e-03         7.8734478377330314e-04         1.6593600691209018e-03        -2.4954312417272456e-03        -1.3493015393465000e-03         6.0302859475249437e-03         2.1816918115873794e-02        -8.0249440796426440e-03
23                                     2.4827163095219301e-03         1.5688305648656458e-03         4.2061240520775717e-03         2.6280519532874006e-03         6.1001061973257626e-03        -1.2073253746629009e-03        -1.5185634116774047e-02        -2.6080708540873188e-03
                                                         8                           9                          10                          11                          12                          13                          14                          15

0                                     -2.6830709567038726e-02        -1.5646047284165790e-01         3.6002626534752419e-02        -9.1162197401084111e-02        -7.9625143605462440e-02        -1.8241736747169505e-02        -2.9405254089374052e-02        -3.1292456524153622e-01
1                                     -2.1427732675117488e-02         4.6667354806808385e-02        -1.2387810389748163e-01         9.2093379574288398e-02         9.8828236542544481e-03         5.3400792213894183e-03         1.7505407082382109e-02        -8.6893045102238969e-02
2                                      3.1189126080997016e-02        -1.0398589397655678e-01         8.6346916431067969e-02        -2.2976136119339058e-01        -6.3560703061373278e-02         2.1367537915325651e-03        -2.1861932590685709e-02        -4.9544962511698376e-02
3                                     -1.0354791305152898e-01         3.5780890646369919e-02        -2.0476023743849017e-02         3.3423499852809395e-02        -3.6977836152740112e-02         2.9093819004802107e-02        -6.3762299684341522e-02        -3.1619768320065508e-03
4                                      4.7122076042954639e-03         2.9559330238308382e-02        -1.9897373706871672e-02         6.4230238970687664e-02         9.8267427803613167e-04        -6.7852983448229778e-03         2.7279803799076408e-02         1.7737694664938172e-03
5                                     -1.3086672315129794e-01        -2.7137658118757860e-02         3.6961419294056559e-02        -3.9657112091784137e-02        -2.9567063756175346e-02         4.2581922367492003e-02        -5.2277289797298246e-02        -3.5060721052290744e-03
6                                      9.4651832021814861e-02        -5.0335653268287012e-02        -3.0062584567593947e-02        -6.6539591249028911e-03        -9.7305432908255676e-02         2.3672485308613017e-04        -1.7894234930296141e-02        -2.8948249203500885e-04
7                                     -1.5010035234249480e-01        -5.5109443163206429e-02        -3.2135428505912181e-02         4.3942562990928878e-02        -3.6790448904615303e-02        -1.5151301267117392e-01         8.5047931250985517e-02        -1.8360341713008184e-03
8                                      3.2951414793670109e-01         2.3605029523568771e-02         5.7499993250123074e-02        -2.7858283536535813e-02         2.6950478034181321e-02         1.0525766190751293e-01        -1.7718281951233661e-01        -1.1685587666936874e-03
9                                      2.3605029523568771e-02         4.2346317445581083e-01         6.8260308681908716e-02         9.4955256429697030e-02        -2.2247760470877329e-01        -9.3380081880461208e-02         2.7386793964624716e-02        -1.0450913369148204e-02
10                                     5.7499993250123074e-02         6.8260308681908716e-02         2.8845178119150039e-01        -1.9561974001657273e-01        -5.6364611661562605e-02        -1.1585872648524785e-01         3.1716179065247943e-02        -1.5806932643664742e-03
11                                    -2.7858283536535813e-02         9.4955256429697030e-02        -1.9561974001657273e-01         3.8464396729817868e-01        -1.7589177742263915e-02         1.1518687657328072e-02        -8.7988962153190672e-02        -2.8407747273065387e-04
12                                     2.6950478034181321e-02        -2.2247760470877329e-01        -5.6364611661562605e-02        -1.7589177742263915e-02         7.1417630511971875e-01         4.6305446593890645e-02         2.8545410884964273e-01         4.4466229335483540e-04
13                                     1.0525766190751293e-01        -9.3380081880461208e-02        -1.1585872648524785e-01         1.1518687657328072e-02         4.6305446593890645e-02         3.0559238249878551e-01        -2.4152985104163682e-01        -8.3092299566118631e-04
14                                    -1.7718281951233661e-01         2.7386793964624716e-02         3.1716179065247943e-02        -8.7988962153190672e-02         2.8545410884964273e-01        -2.4152985104163682e-01         5.3155319973045956e-01        -2.3478536260465397e-03
15                                    -1.1685587666936874e-03        -1.0450913369148204e-02        -1.5806932643664742e-03        -2.8407747273065387e-04         4.4466229335483540e-04        -8.3092299566118631e-04        -2.3478536260465397e-03         3.2663334630199703e-01
16                                     3.6384993963678503e-03         1.6050107703342864e-02         2.4358541983408571e-03        -1.9561813516979871e-03         1.4206416780133972e-03         2.2405932506887882e-03         6.0490335045983350e-03         8.9998255786474676e-02
17                                     9.0300723177029561e-04        -2.1615003398818548e-02        -1.1530233315372382e-02        -4.1740740377096720e-03        -5.0744212627406053e-03         4.8181216201314981e-03        -1.9937562640486572e-03         5.6468676173421543e-02
18                                    -2.1652557279129115e-02        -1.0904353033324512e-03        -5.0956642643830907e-03         2.3380837070168560e-03        -5.4328355850054438e-03        -1.2256195304610256e-03        -5.0560061216924791e-03        -3.4056838078639078e-04
19                                    -7.3774862709258780e-03        -2.1899843633861851e-03         1.0434868853365490e-03         4.7361176056142252e-03        -3.4814570571987495e-03         3.9181884104404555e-03         1.3602212039327769e-03         1.3033174007919099e-04
20                                    -9.2170611654806382e-03        -1.1771733138999348e-03         3.1646648604666885e-03         1.4782609990127548e-03        -2.3103757043531443e-03         2.5821330284044458e-03         2.2135815017669050e-03         4.5594555812461567e-04
21                                     8.0042887935737744e-03        -1.8428985610981885e-02         9.2848083694942463e-03        -1.5030442403258282e-02        -2.7280211445283664e-01         3.8076356708945346e-02        -1.9439780311288779e-01         8.9497720160545578e-05
22                                     7.7978692296801957e-03        -9.8257581077147819e-03        -1.6148967966443314e-04        -1.8925171042610531e-02         3.8010945412210756e-02        -4.2934205880059355e-02         7.2576054445746704e-02        -7.6384675169744712e-04
23                                    -1.6481393883817440e-02         7.9716630448591758e-03        -8.5590939569831909e-03         3.3175647154194549e-03        -1.9428029660654667e-01         7.2629791358902324e-02        -1.9246202091466658e-01        -6.9158632239637425e-05
                                                        16                          17                          18                          19                          20                          21                          22                          23

0                                     -9.1821865278653991e-02        -4.3576467300042762e-02         9.8618394234680027e-03         7.6440637428304321e-03        -3.5439489738802420e-03        -3.5731819425751984e-03        -5.7825400952096033e-03         2.4827163095219301e-03
1                                     -6.6732391894822884e-02        -6.0034320070170583e-04        -5.8970455444190429e-03        -3.2352727349482142e-03        -8.1131129979011840e-05        -5.9016532853651679e-03         7.8734478377330314e-04         1.5688305648656458e-03
2                                     -3.2758607182657665e-03        -5.1181067173497338e-02         1.2856745199419910e-02         7.2761367018580984e-03        -2.4909126719143380e-03         2.6021884364083817e-03         1.6593600691209018e-03         4.2061240520775717e-03
3                                     -1.1789716691875554e-02         1.2909339796431631e-02        -6.0569293721125780e-02         2.6925555759090614e-02        -5.0127542500827134e-02         3.9483733474281425e-03        -2.4954312417272456e-03         2.6280519532874006e-03
4                                      4.6981254261820472e-04        -4.0816552585985376e-04         2.1973697588357391e-02        -1.3861238522632507e-01         1.4546332881485491e-01        -2.3712549771819037e-03        -1.3493015393465000e-03         6.1001061973257626e-03
5                                     -7.7794791639886080e-03         6.8416040134415953e-03        -4.4131552099075419e-02         1.4816244021424096e-01        -2.3148464758184770e-01         2.4303925586807015e-03         6.0302859475249437e-03        -1.2073253746629009e-03
6                                     -4.7389356617550827e-03         2.3347386453069336e-03        -3.4312245363622082e-03         1.5929648764199493e-03        -3.2972823617435920e-04         9.1963655941300088e-03         2.1816918115873794e-02        -1.5185634116774047e-02
7                                      8.1276286477636236e-04         5.2188547999449993e-03         1.9217327627346809e-02         4.2382493036217852e-04         2.2107539433577667e-03         2.6316654058371400e-03        -8.0249440796426440e-03        -2.6080708540873188e-03
8                                      3.6384993963678503e-03         9.0300723177029561e-04        -2.1652557279129115e-02        -7.3774862709258780e-03        -9.2170611654806382e-03         8.0042887935737744e-03         7.7978692296801957e-03        -1.6481393883817440e-02
9                                      1.6050107703342864e-02        -2.1615003398818548e-02        -1.0904353033324512e-03        -2.1899843633861851e-03        -1.1771733138999348e-03        -1.8428985610981885e-02        -9.8257581077147819e-03         7.9716630448591758e-03
10                                     2.4358541983408571e-03        -1.1530233315372382e-02        -5.0956642643830907e-03         1.0434868853365490e-03         3.1646648604666885e-03         9.2848083694942463e-03        -1.6148967966443314e-04        -8.5590939569831909e-03
11                                    -1.9561813516979871e-03        -4.1740740377096720e-03         2.3380837070168560e-03         4.7361176056142252e-03         1.4782609990127548e-03        -1.5030442403258282e-02        -1.8925171042610531e-02         3.3175647154194549e-03
12                                     1.4206416780133972e-03        -5.0744212627406053e-03        -5.4328355850054438e-03        -3.4814570571987495e-03        -2.3103757043531443e-03        -2.7280211445283664e-01         3.8010945412210756e-02        -1.9428029660654667e-01
13                                     2.2405932506887882e-03         4.8181216201314981e-03        -1.2256195304610256e-03         3.9181884104404555e-03         2.5821330284044458e-03         3.8076356708945346e-02        -4.2934205880059355e-02         7.2629791358902324e-02
14                                     6.0490335045983350e-03        -1.9937562640486572e-03        -5.0560061216924791e-03         1.3602212039327769e-03         2.2135815017669050e-03        -1.9439780311288779e-01         7.2576054445746704e-02        -1.9246202091466658e-01
15                                     8.9998255786474676e-02         5.6468676173421543e-02        -3.4056838078639078e-04         1.3033174007919099e-04         4.5594555812461567e-04         8.9497720160545578e-05        -7.6384675169744712e-04        -6.9158632239637425e-05
16                                     5.9994338763192510e-02         3.2476193970593543e-03         6.9371638648316604e-04        -7.7549755846368675e-04        -4.5949225538910790e-04         1.8998137018774286e-04         1.5545278336698515e-03         5.3783482945496028e-04
17                                     3.2476193970593543e-03         4.9041282048282425e-02        -2.2751849269191405e-04        -7.6726638328288130e-04        -6.6254557356052108e-04        -1.2232827777744733e-03         1.9438969941940526e-05         1.2255497553218682e-03
18                                     6.9371638648316604e-04        -2.2751849269191405e-04         6.0059801472381491e-02        -3.0243317992788517e-02         5.7100977373387346e-02         9.4271663076277818e-04         5.7422015548997795e-04        -1.2220930353297366e-03
19                                    -7.7549755846368675e-04        -7.6726638328288130e-04        -3.0243317992788517e-02         1.3592599140303746e-01        -1.5391788792197170e-01        -3.7547113067240697e-04         1.3116638905603273e-03         5.2386919080108657e-04
20                                    -4.5949225538910790e-04        -6.6254557356052108e-04         5.7100977373387346e-02        -1.5391788792197170e-01         2.3955202738339476e-01        -7.4233454282591300e-05         1.0414863199893548e-03         6.1129710862876995e-04
21                                     1.8998137018774286e-04        -1.2232827777744733e-03         9.4271663076277818e-04        -3.7547113067240697e-04        -7.4233454282591300e-05         2.8062732871391227e-01        -4.1534469974235225e-02         1.9768182152138092e-01
22                                     1.5545278336698515e-03         1.9438969941940526e-05         5.7422015548997795e-04         1.3116638905603273e-03         1.0414863199893548e-03        -4.1534469974235225e-02         4.8816404670709447e-02        -7.0196295634836384e-02
23                                     5.3783482945496028e-04         1.2255497553218682e-03        -1.2220930353297366e-03         5.2386919080108657e-04         6.1129710862876995e-04         1.9768182152138092e-01        -7.0196295634836384e-02         2.0079020454169927e-01
                              

0                             
1                             
2                             
3                             
4                             
5                             
6                             
7                             
8                             
9                             
10                            
11                            
12                            
13                            
